-0.11128165572881699
0.04851897433400154
0.07207078486680984
-0.04189551994204521
-0.005292787682265043
-0.03158441185951233
0.0018416382372379303
-0.03441500663757324
0.11761448532342911
-0.11167102307081223
0.21458809077739716
-0.022619333118200302
-0.17841772735118866
-0.09615395218133926
-0.033146072179079056
0.09785591810941696
-0.14851891994476318
-0.10308760404586792
-0.09191031008958817
-0.0891646221280098
0.05745904520153999
0.009204462170600891
-0.01509961299598217
0.05140310898423195
-0.10756924748420715
-0.3458249866962433
-0.06488422304391861
-0.11292065680027008
-0.016595616936683655
-0.08065599948167801
0.08042347431182861
0.03092697076499462
-0.09305287152528763
0.04181581363081932
-0.047713615000247955
0.06794775277376175
-0.045532986521720886
-0.08682138472795486
0.15203729271888733
-0.0013871025294065475
-0.07945485413074493
-0.05513951927423477
0.005186028778553009
0.30619585514068604
0.1609392762184143
0.027314502745866776
0.0006338972598314285
0.030958855524659157
0.08387544006109238
-0.2631063461303711
0.005034908652305603
0.09781539440155029
0.10734985768795013
0.05208832770586014
0.17158545553684235
-0.0873156487941742
0.02058945596218109
0.06520403176546097
-0.17040911316871643
0.01823749765753746
-0.10899491608142853
-0.03310424089431763
-0.043491095304489136
-0.09471695125102997
0.2273590862751007
0.1414230912923813
-0.12725470960140228
-0.04781189560890198
0.12311969697475433
-0.149995356798172
-0.05982116609811783
0.015269211493432522
-0.10504116863012314
-0.15577857196331024
-0.2070196270942688
0.03913794457912445
0.3530420958995819
0.16297268867492676
-0.1650182008743286
0.011592614464461803
-0.04808064177632332
-0.020354580134153366
0.0782855674624443
0.014750034548342228
-0.11973515897989273
-0.005502868443727493
-0.0853133574128151
0.04204212874174118
0.11215998232364655
-0.017042485997080803
-0.0917750895023346
0.1624714881181717
-0.05859242379665375
-0.03167496249079704
0.010468586347997189
-0.08036226034164429
-0.0574321448802948
0.06566238403320312
-0.07822935283184052
-0.022330716252326965
0.14553602039813995
-0.08152671158313751
0.018167952075600624
0.03446618467569351
-0.14920684695243835
0.07869145274162292
0.018084898591041565
0.00010117143392562866
0.07038196921348572
0.06635676324367523
-0.22784671187400818
-0.009066317230463028
0.16252654790878296
-0.24713686108589172
0.1717897355556488
0.1618954837322235
-0.011984417214989662
0.14308372139930725
0.07734312117099762
0.04412394016981125
-0.023521412163972855
-0.016018187627196312
-0.09866887331008911
-0.054201725870370865
0.05877270549535751
0.03766852244734764
0.04587364196777344
-0.011078639887273312
